10001000
01000100
00001110
00001000
01010101
01001011
10110100
11101001
01110110
10101101
00111000
10000111
00101110
11001011
01110100
11011001
10001001
01011100
00010100
00101101
10000100
01011000
01101101
01001001
01010001
10100000
10111010
01000001
00001001
11000101
11110011
10101010
11000010
00100000
10011100
10100011
01011010
10010110
11110100
11011110
11010111
00011110
11100000
10111111
01000101
10101010
00011110
00111101
00100100
11110000
01111111
11101111
00001000
01101001
10101011
00111010
00010001
10001000
01011111
01110011
10001100
01111101
01000001
00111001
00000101
11001001
10101110
00010110
11101110
11111001
11101101
01101110
11101010
01111100
01001000
11100111
10001000
01111010
10101000
11001011
00001001
10101110
01000001
00111001
00011100
00111001
00110000
01011100
10110011
11011100
01001001
11111010
01000001
01010111
00100111
01101111
00101011
00100000
01111101
10101110
11001011
01010011
10000000
10001110
11100001
01100011
00001111
11100110
01110111
00001111
00111111
10000110
00100001
01011011
01110110
11111001
11111001
01101000
10001111
01100101
00011011
00001010
01100010
00101000
00111111
10000100
01110010
00101000
01001001
10011001
01000100
10101111
01010001
00011011
00000100
00011100
00000000
00010110
10011101
01010011
10101011
01011001
10011111
10100110
00010101
10100010
10101001
00110001
01100110
01001101
01000101
11010000
00000111
00100111
10101110
00100010
11101110
11010010
10011100
01001011
11001001
01010101
10010110
11000110
11101000
01110111
00101111
00000010
10011000
11011111
00101111
01101010
10001011
11010000
10011011
11111110
00101011
00100110
10000011
01101001
10010000
01100100
10011100
00001001
11011000
01010000
11101101
01101011
11110110
00110010
00100101
00000100
11100010
11100000
01000000
11101011
00011100
11000000
00110101
10110000
10011011
11110000
10011110
10001101
10101110
00011000
00110100
00111001
00010001
01011100
10101011
11000100
00011111
10100001
10001010
10001100
10100011
11011010
10000100
00111010
01100011
10100100
01011011
11101011
00001110
11000110
10110000
11100101
10101111
01000011
10110111
01011110
10111001
10000101
00101010
00101110
11011000
11011010
01110011
01010110
10001010
01001010
00111000
10011101
01001001
00110001
00000100
00001010
00110001
11110101
00101100
01001101
10100111
00010110
11000011
00111001